# flowengine-tinymlp v2
# features: 80-dim temporal (5x16) — ego + front obstacles + control
# output:   [throttle, brake, steer, lane_change, confidence]
in 80
hidden 32
out 5
norm_mean 8.18538679 -1.74811078 -0.00001887 0.00103127 0.00000000 0.00000000 0.00000000 0.00000000 0.00000000 0.00000000 0.00000000 0.00000000 0.00000000 0.00000000 0.00000000 0.00000000 8.20043585 -1.74799784 0.00000404 0.00102156 0.00000000 0.00000000 0.00000000 0.00000000 0.00000000 0.00000000 0.00000000 0.00000000 0.00000000 0.00000000 0.00000000 0.00000000 8.21464178 -1.74784070 0.00001590 0.00098491 0.00000000 0.00000000 0.00000000 0.00000000 0.00000000 0.00000000 0.00000000 0.00000000 0.00000000 0.00000000 0.00000000 0.00000000 8.22797332 -1.74781294 -0.00000728 0.00090485 0.00000000 0.00000000 0.00000000 0.00000000 0.00000000 0.00000000 0.00000000 0.00000000 0.00000000 0.00000000 0.00000000 0.00000000 8.24012318 -1.74779461 -0.00002102 0.00086173 0.00000000 0.00000000 0.00000000 0.00000000 0.00000000 0.00000000 0.00000000 0.00000000 0.00000000 0.00000000 0.00000000 0.00000000
norm_scale 2.28092522 0.01708899 0.00380752 0.00850801 0.00000100 0.00000100 0.00000100 0.00000100 0.00000100 0.00000100 0.00000100 0.00000100 0.00000100 0.00000100 0.00000100 0.00000100 2.26686331 0.01709742 0.00381740 0.00851263 0.00000100 0.00000100 0.00000100 0.00000100 0.00000100 0.00000100 0.00000100 0.00000100 0.00000100 0.00000100 0.00000100 0.00000100 2.25565995 0.01699654 0.00382060 0.00852328 0.00000100 0.00000100 0.00000100 0.00000100 0.00000100 0.00000100 0.00000100 0.00000100 0.00000100 0.00000100 0.00000100 0.00000100 2.24764702 0.01698776 0.00382538 0.00857443 0.00000100 0.00000100 0.00000100 0.00000100 0.00000100 0.00000100 0.00000100 0.00000100 0.00000100 0.00000100 0.00000100 0.00000100 2.24278409 0.01698876 0.00382876 0.00859773 0.00000100 0.00000100 0.00000100 0.00000100 0.00000100 0.00000100 0.00000100 0.00000100 0.00000100 0.00000100 0.00000100 0.00000100
out_mean 0.33406199 0.00000000 0.00747439 0.00000000 1.00000000
out_scale 0.10120995 0.00000100 0.00310139 0.00000100 0.00000100
w1 -0.54086585 0.09252215 -0.00098256 0.36881311 -0.02017348 -0.23675236 0.05254414 -0.04226977 -0.03430418 0.01832299 0.03672950 0.18397478 0.10382335 0.01747272 -0.11673890 -0.16043221 -0.35860228 0.14644959 -0.10618020 0.11704514 0.08408120 -0.22982569 -0.04937538 0.07753312 0.13809736 -0.03804689 0.05954567 0.03924599 0.12369673 -0.17601589 0.08984832 -0.23946670 -0.68427021 -0.17276394 -0.13436250 0.41148823 0.10502966 -0.19275264 0.13397960 -0.15846218 -0.01363635 -0.04646964 0.01809137 0.12943777 0.10094208 0.05532169 0.10276582 0.07565623 -0.22915899 -0.18199580 -0.06788751 0.33866322 -0.03954674 0.36931517 -0.12954153 -0.17374733 0.12150633 0.22481422 0.07995703 0.13215433 0.22552494 -0.01486705 -0.22498956 -0.08412869 0.18459108 -0.35475959 -0.11451097 0.36012324 -0.04989950 0.11441626 0.09182934 0.36704691 0.09802551 -0.09635515 -0.08882800 -0.13148452 0.15056767 -0.08962414 -0.01110920 0.11847515 -0.13547673 -0.06619314 -0.36026978 -0.19958756 -0.08976701 0.06573758 0.18870786 -0.00291986 0.04132532 0.02655829 0.17151263 0.14125186 0.04327471 -0.15984433 0.14283776 0.06024884 0.31630985 -0.34435225 0.05701562 -0.31654108 0.25188497 0.01820191 -0.08162930 -0.17842327 -0.02388003 0.22504681 0.12908014 0.10892210 -0.37565844 0.11241331 0.08788798 -0.08695098 0.14919245 -0.06734280 0.42012210 -0.12891434 -0.06764192 0.21531707 -0.07054264 -0.05759322 0.01545980 -0.19626508 0.03477643 -0.19125734 0.13996214 0.00050293 0.36104222 0.04440478 0.61494210 -0.38828547 0.05473775 0.04441746 0.27602271 -0.26577615 0.15663072 0.09350128 0.24247494 0.11263804 0.00823318 -0.08248005 -0.19735454 0.03089905 -0.03030992 0.31943231 0.48156288 0.02165714 -0.04558496 0.02058485 0.04129111 0.13027952 0.22896498 -0.00698044 -0.17665193 0.07239250 0.08174284 0.07773801 -0.11072521 0.17920381 0.01389756 0.11065199 0.34808536 0.49681406 0.34585535 0.51295855 0.03853283 -0.04679605 0.01770354 0.23444631 0.01877009 0.08212082 0.18906174 -0.08109007 -0.27299465 0.04734296 0.03632426 -0.09613485 0.07674111 0.48241615 0.07080795 0.14594422 -0.03100692 -0.23448688 0.07161772 -0.00714906 -0.11783957 0.08268496 0.07717432 -0.09131665 0.06330124 0.16049586 -0.11268249 0.06022400 -0.24245887 0.42938355 -0.71566705 -0.24876063 -0.04842159 -0.01584262 0.30066762 -0.00135553 0.35432431 -0.06990973 0.05542082 -0.07760980 -0.10920736 0.00987945 -0.04467848 0.03201673 -0.78869081 0.42850774 -0.02502973 0.31569365 -0.15923841 0.04625396 0.50042129 -0.13751626 -0.23642765 -0.08641074 0.07470698 0.10962669 0.20402489 -0.04063723 -0.25333809 -0.06878425 -0.51118064 0.31309415 0.13692339 0.24379018 0.22106979 0.33623678 0.08881046 0.04890499 -0.19609373 -0.13332841 0.00741805 0.07956255 0.09173518 -0.07561141 -0.18213806 -0.12297811 -0.24725065 0.16756879 -0.36611642 -0.10970556 0.07113201 0.24065134 0.01127347 0.15831689 -0.06308808 -0.11770060 -0.10663090 0.24149299 0.15720017 0.07706438 0.52656174 -0.00511362 -0.05385601 -0.03725124 -0.00540387 0.16375479 0.23821514 -0.22127716 -0.06322125 0.06772595 0.12383214 -0.21320820 -0.35663560 -0.30142308 -0.01124371 -0.01631786 0.05458398 -0.12169627 -0.43173306 -0.36173740 0.27098423 -0.09691165 0.15700609 0.12503578 -0.03015478 0.21333689 -0.02156150 -0.10448741 -0.08231068 -0.09246684 -0.34243304 0.02471732 0.03951038 -0.05727925 -0.42208124 -0.11219568 0.37191812 -0.25891951 -0.08026392 -0.09351601 -0.01102946 -0.19997700 -0.01980545 0.00967377 0.29166931 0.14917630 0.16349438 -0.11272706 0.10592390 -0.18015219 -0.30955166 -0.05391447 -0.00463426 0.03710151 0.08970965 -0.30084776 0.08741482 -0.06441746 0.00021760 0.07364388 0.06174864 -0.32241814 -0.18314643 0.12216261 0.20573846 0.30091489 0.73575908 -0.38339685 0.00525822 -0.44301233 0.25513268 0.04005806 -0.18043463 0.31779324 0.10182073 -0.29901689 0.04640138 -0.11560337 0.01759736 -0.07355373 0.21716845 -0.22504134 0.35479330 0.05046988 -0.36147729 0.13337351 0.03193926 -0.10905149 0.10244098 0.01534500 -0.14922274 0.27859921 0.12516532 -0.02642193 -0.10066712 -0.12401862 0.19462886 -0.02316024 0.25347352 -0.26733565 0.07600152 0.19961541 0.12077590 -0.02896819 0.13116927 0.10631326 -0.01843763 -0.13594272 -0.14864602 -0.11712077 -0.15566116 0.13689443 -0.00736847 0.24825476 0.38580498 -0.11854508 -0.27157959 -0.10068189 -0.01191363 -0.23534340 -0.03960646 0.04537020 -0.07264192 -0.12149881 -0.11996998 0.28249950 -0.02524226 -0.13122347 -0.05896041 0.15089499 -0.27173571 -0.14273538 -0.00397110 -0.00905945 0.22131116 -0.08703884 0.17910079 -0.12536116 -0.06269846 0.18911799 0.13002897 0.00033165 -0.18837907 0.08880622 -0.09967068 -0.14607902 -0.03071366 -0.09138502 -0.34791792 0.30082242 0.02749753 -0.09242174 0.16395260 0.09667722 -0.09586194 -0.10593893 0.10991310 -0.23971228 -0.05259222 -0.09977722 0.01104860 0.03338203 0.08448200 0.10519391 -0.03909216 0.10742942 -0.19145297 0.11413447 0.08350730 0.22939313 -0.11818299 0.00417706 -0.00928013 -0.01385249 0.00164284 -0.27109250 0.13044167 0.10328092 0.27557434 0.34703415 -0.09423936 0.12110611 0.00154692 0.30708648 -0.27372987 0.07680666 -0.23255886 -0.40818218 -0.31952172 -0.21847679 0.16902776 -0.13729984 -0.03596421 -0.18396752 0.20316939 -0.22743958 0.08260064 -0.13910441 -0.12092984 0.01940706 0.00390719 0.22526328 0.01903806 -0.19097537 -0.08859679 -0.09056509 0.11463924 0.06068300 -0.01887738 0.13749697 0.02296739 -0.11780213 -0.18699585 0.18574809 -0.01557946 -0.05546618 -0.16536136 0.10847437 -0.09291489 0.05434137 -0.30067092 0.16494234 -0.21059785 -0.12290862 0.16737637 -0.21099835 0.00360000 0.30101230 -0.11878001 -0.01378269 0.23697766 -0.31174010 -0.22910548 0.12779273 -0.20602621 -0.06144896 0.02048398 0.10939110 -0.03529933 0.01505575 -0.12281226 0.20434031 -0.10595729 0.31002446 -0.08958307 -0.02486856 -0.02658892 -0.02568784 -0.16029283 0.12592392 0.22357974 0.03844509 0.11579237 0.13251017 0.14672744 0.04796491 0.03356082 0.13661154 -0.05911064 0.05791073 0.19241934 -0.05694210 -0.00093291 0.06535991 0.19542572 0.02391904 0.14675179 -0.00008499 -0.16182582 -0.22315873 -0.15332847 -0.21600692 0.10019800 -0.03282676 -0.04055355 0.00027174 0.29448736 0.50587603 -0.10203690 -0.04337316 -0.08424760 -0.25635195 0.10676120 0.18796496 -0.00101642 -0.07798054 0.17248723 -0.37077109 0.02806129 0.02265519 -0.29818061 0.23210273 0.42773973 0.36168260 -0.01370784 -0.06135198 -0.08097327 -0.20684457 0.21818901 0.16254110 0.12620118 -0.17302970 0.32901051 0.31309162 0.02973445 -0.14296984 -1.33659395 0.21654679 -0.25123700 -0.11245665 0.17212984 -0.23824975 0.31713355 0.24771835 -0.19560045 -0.22351631 -0.04481293 -0.16303806 -0.04169792 -0.40812134 -0.03616097 0.28505664 -1.02460058 0.05752051 -0.16880623 0.29525663 -0.03562609 0.30685684 0.03270419 -0.05884682 0.08700572 -0.08004167 -0.21176322 0.04774213 -0.02764918 0.02629672 0.05936502 -0.08068862 -0.43030938 0.39932965 -0.36158655 0.41000826 -0.03839056 -0.12121432 0.38377727 0.02451107 0.21667974 0.12927300 -0.26572537 0.01910326 -0.08306035 -0.21215604 -0.28013216 0.01617351 0.00797918 0.15064024 -0.26120073 0.31308475 -0.15603645 -0.08777860 -0.16334037 -0.03214054 -0.00361877 -0.14166817 -0.03669035 -0.12021715 -0.00070715 0.08017761 0.02816407 0.07465361 0.12673846 0.23995954 -0.38265235 0.46279113 -0.25266652 0.02516829 0.19075185 -0.02824083 -0.01498257 0.07122349 0.03907282 0.10666953 0.01144964 0.02411175 -0.12371533 -0.02694859 0.50821974 0.25631561 -0.13989537 0.12559490 0.12446502 -0.13513663 0.14396304 -0.14814850 -0.16724988 0.03256189 0.02058318 0.04704794 0.16800187 -0.06522134 0.07004344 -0.14385474 0.43712714 0.12939331 -0.05644490 0.09476329 -0.12421418 -0.05176199 0.07933830 -0.00303328 0.01956575 -0.21500634 0.02863347 -0.10940333 -0.17129055 -0.02445791 -0.29353910 0.11045361 0.29125033 0.02667988 -0.09793553 0.00245603 -0.02389465 -0.38322595 0.02853588 0.10505593 -0.04931491 -0.07817188 0.02877155 0.05544169 0.17300058 0.00290877 -0.10906026 -0.07293241 0.12618471 0.23551853 -0.11928046 -0.27035643 -0.13757594 -0.33145960 0.05214501 -0.21524427 -0.19503498 -0.31243534 -0.17676948 0.08987422 -0.20734329 -0.27664274 0.02818588 -0.05394392 0.12874315 0.13814613 -0.06065427 -0.43001789 -0.01957449 0.07909797 -0.09217865 -0.22728258 0.17433827 -0.06565642 -0.06470495 0.00252385 0.16293199 0.04168194 -0.05268765 0.10785475 0.46480528 0.19244399 -0.02759904 -0.30888018 0.59325258 -0.18952433 -0.05878720 -0.11066220 0.25723419 0.06644579 -0.22564827 0.04230925 0.08647338 -0.05035659 -0.19292895 -0.11463785 -0.00249289 0.16692218 -0.04415562 0.13920128 -0.15019989 -0.27375630 -0.11690837 0.21327834 -0.09062397 0.37011438 0.07771048 -0.18411193 -0.13191223 0.03848057 -0.18620185 0.37545385 -0.14996083 0.33646197 0.10048850 -0.17678804 -0.15745947 -0.04317558 0.05727144 0.13846856 0.00896773 -0.22139460 0.00669200 -0.10646728 -0.34519990 -0.11029395 -0.22649034 0.09278983 0.24553546 0.53155489 -0.20789864 -0.20254802 0.10890600 0.16780399 -0.06620838 -0.02255272 0.34894617 -0.01698958 -0.07673606 0.01896007 0.09165899 -0.16153576 -0.03927593 -0.18441781 -0.18640185 0.44763851 0.06959413 -0.14489417 -0.14753797 -0.04923792 0.16613553 -0.08881048 0.22933164 -0.21719098 -0.04586035 0.27555524 -0.31746718 0.18790462 -0.29272842 -0.01424287 -0.47723670 0.15437896 -0.47565753 -0.37559076 -0.08949503 0.00583362 -0.14122999 -0.03492214 -0.18755045 -0.06344683 -0.13388548 0.03858316 0.09193055 0.22656614 -0.10378889 -0.05027892 -0.33040034 0.01751958 -0.01722584 -0.41726717 0.05877960 -0.14470449 -0.15130891 -0.25110480 0.18357048 -0.02223225 0.18175064 0.04305468 -0.26932501 -0.17134745 0.11983957 -0.12106507 -0.41868739 0.15014725 0.12325327 -0.13268079 -0.05156809 -0.07565633 -0.40951332 0.07947808 -0.12828965 0.20624998 -0.18185061 -0.24975643 0.18777983 -0.25061922 -0.10058798 0.09444723 -0.17285031 0.01828388 0.08198142 -0.09563544 0.20299531 0.09307341 0.47998858 -0.26023870 -0.00342708 -0.16865288 0.18258209 0.12994399 0.11922385 -0.12290697 -0.11781881 -0.32092057 0.31386251 0.17635819 -0.30260103 0.03409206 0.11873017 0.15420281 -0.25670381 -0.11286737 0.03090209 0.05619702 0.15135212 -0.15947928 0.02011353 0.34869705 0.10940247 0.13764808 -0.34353842 0.80438349 0.29723060 0.24248237 0.19352798 -0.13837169 0.09330281 0.14296921 -0.11890217 0.17362868 -0.10676586 -0.12731951 -0.00018853 0.30547440 0.04888137 0.14796057 -0.37292458 0.54540780 -0.03532508 0.13654569 0.13212639 -0.00607115 0.22947010 -0.03200485 -0.03129642 0.20186108 -0.10255527 -0.24029588 0.20574995 0.06548885 -0.34234738 0.00704070 -0.27207393 0.30352033 -0.32996087 -0.43525490 -0.14394701 -0.16666090 -0.11075813 -0.22703959 -0.16304662 -0.25402343 -0.23674055 -0.24660628 -0.08240246 -0.10810065 -0.19392200 0.07562127 -0.14330886 0.16483276 0.40473327 0.35520206 0.03791794 0.07516391 -0.40888882 -0.10336450 -0.34326631 -0.06738882 0.05902552 -0.10661584 0.08199926 -0.16171097 0.09104247 -0.24564720 -0.08685894 0.13177036 0.48182079 0.06142242 0.30669576 -0.06552553 -0.07130869 -0.43631644 0.27969300 -0.05834375 -0.18594438 0.20885333 0.19535067 0.01712779 -0.22688102 0.06624593 0.22480206 -0.06298890 0.00582792 -0.60050778 0.08967638 0.07263042 0.32429328 0.05141450 -0.32546660 -0.13220234 0.01022474 0.05621955 0.15508064 -0.30985194 -0.05216963 0.15334848 0.51304290 0.32618253 -0.08893590 -0.08303807 0.27064549 0.18943142 0.11442469 0.13088619 -0.12489168 -0.22883028 0.15540190 -0.05487608 -0.00444831 -0.09150367 -0.06212403 0.03680091 0.06282809 0.10109820 0.23150509 -0.16638839 -0.11757820 0.12437552 0.29608990 -0.09506486 0.19518571 0.14060499 -0.41951593 -0.12035535 -0.10053518 0.12360894 0.02980255 0.07500892 0.28275455 -0.03292734 0.20067280 -0.27223137 -0.02692215 -0.01883187 0.02706994 -0.11499743 0.14333412 0.14500795 0.24452609 0.11246765 0.02933190 0.10631957 0.09641022 -0.10306098 0.36350139 0.24753835 0.47752871 -0.13465576 0.05127166 0.06583212 -0.00040249 0.09791815 -0.01916022 -0.03063985 0.27811950 0.02604380 0.01059524 0.13945949 0.02376973 0.04610953 -0.52827660 -0.17800145 0.29680742 0.06718143 0.03322783 -0.18680178 0.14494444 0.11846442 0.04433960 -0.01583256 0.06582301 -0.31069352 -0.17342245 -0.02351679 0.05459031 -0.01255357 -0.58999228 -0.00891516 0.06568340 -0.20894974 0.05209884 -0.03320047 0.18918060 0.10522986 0.11616174 0.05085996 -0.13363437 -0.14793564 -0.23261052 0.45521185 -0.17067521 -0.03317733 -0.38883771 -0.13208239 -0.07403710 -0.35815161 -0.15782829 -0.21988416 -0.02004561 -0.10818142 -0.10865274 0.03413351 -0.09214641 0.14737702 -0.06106039 0.03560040 -0.20954781 0.10386074 -0.28003792 0.23176703 0.06448424 -0.11433084 0.03438014 -0.06092072 0.21283864 0.14772404 0.07628904 -0.18659658 -0.17381549 -0.10496573 -0.03873830 0.07083750 -0.14175508 0.18611175 -0.05446594 -0.19080717 -0.16679647 -0.38739572 -0.11885874 -0.08682474 -0.09651432 -0.05142710 -0.06231297 -0.09387764 0.23756562 0.19209291 -0.18054086 0.19825898 -0.25636071 -0.12880149 0.32190574 -0.47929946 0.11490902 -0.10251028 -0.02276842 -0.02849263 0.26835155 -0.12816766 -0.01091226 0.09914054 -0.03980952 -0.12998026 -0.00936031 0.01478546 0.13978144 -0.14910967 0.05469783 -0.15425265 -0.03425798 -0.13846194 -0.00268843 -0.11002188 -0.12644215 0.06968556 -0.17315053 0.18426337 0.03435892 -0.20183887 0.04475050 0.02644907 0.12050830 0.18323021 0.09605409 -0.01482078 0.16339959 -0.18015493 -0.11802277 0.04498379 0.00241374 -0.07769036 -0.11672849 0.05500565 -0.07930977 -0.16446322 -0.02398190 -0.04182011 -0.16918838 0.13078807 0.32250790 -0.01948962 -0.03132862 -0.19515285 -0.00488927 0.14092568 0.26183793 0.01272707 0.06961018 0.13810483 -0.05344926 -0.17840061 0.14325131 -0.24804342 0.28283992 0.13762761 0.25957319 0.05512255 0.16189439 -0.50822791 -0.18344269 -0.09457359 -0.04139382 -0.15913676 0.02432757 0.02149478 -0.12868211 0.25346488 -0.22010622 -0.20186761 0.05946980 -0.03280592 -0.06568269 -0.21237079 -0.13854441 0.01046412 -0.10808591 0.08300916 -0.07588808 0.12039271 0.09298288 0.16453273 0.14241618 0.12401707 0.12172444 -0.08169622 -0.04140752 -0.28936851 -0.09591997 -0.05499665 0.07708129 0.15752186 -0.21378479 -0.16030208 -0.05523651 -0.08183985 0.02640821 -0.18268854 0.00745955 -0.26697301 -0.34075287 0.11331447 -0.20638818 -0.08853076 -0.38900925 -0.23759892 -0.11055842 0.01984642 0.15536067 0.07107409 -0.04128647 0.11980029 0.17654272 0.06503192 -0.06424422 0.16105534 0.27962782 0.10443965 0.27996855 0.14650815 -0.06053978 -0.22418280 -0.23667845 0.03378214 -0.26396444 -0.09375423 0.13713808 -0.10517031 0.08430490 -0.21365153 -0.07805150 0.16182014 0.03296871 0.04589770 0.26954050 0.20504264 -0.38200459 0.03641480 -0.23092105 -0.11487569 0.00240540 0.16966256 -0.17855273 0.07144548 0.08285403 0.12831151 -0.03326492 0.15865340 -0.11250498 0.18136591 0.05569406 -0.22137254 0.73266453 -0.10283792 -0.14597916 0.24715199 -0.03797784 -0.22802505 0.26732622 -0.17839654 -0.10455804 0.18102443 0.09250150 0.11388079 0.23981266 -0.04935410 -0.16546538 0.13349049 0.61028982 -0.02496147 -0.22406558 0.38638859 0.09104947 -0.21716529 0.12332153 -0.22783853 -0.07631057 -0.17761082 -0.10084987 -0.13175804 -0.09697295 0.11451619 0.04657892 0.09941119 0.48089377 -0.18581732 -0.08150332 0.08649033 0.26985906 0.14215675 0.21844242 0.16111247 0.16716834 -0.28218113 0.13927607 0.03366637 0.00857205 -0.08336636 -0.06724174 0.06580395 0.22971105 -0.33609820 0.14106453 -0.09687590 -0.15033512 0.06207903 -0.05197485 -0.10420285 -0.12161567 0.04447725 -0.00158719 -0.17260350 -0.13297340 -0.02885681 0.06405949 -0.16597444 -0.06450630 -0.27032744 0.50883701 -0.39106545 -0.12492982 0.03067463 -0.14267896 0.13085999 0.28482893 -0.06128807 0.02731750 -0.08186499 -0.00000457 0.22637709 0.14139274 -0.14297052 0.24766216 -0.04593319 -0.02255113 0.30019886 0.01038927 -0.12577421 0.07393496 -0.05003847 -0.35337852 0.14644556 0.03027138 0.17052315 -0.02153191 0.02979919 0.17634855 0.06131610 0.03964045 0.32221205 -0.22036210 0.21124344 0.27417401 -0.12728289 -0.16459613 -0.22642948 0.08437944 0.09892091 0.11723949 -0.21401664 0.15904030 0.18930436 -0.01538627 0.00514921 0.09717707 -0.03061836 -0.14901483 -0.09314828 -0.02761022 -0.19170887 0.09981365 0.08383458 -0.01562402 0.04692808 -0.24610685 0.13564989 -0.07388204 0.02040476 0.17635544 -0.11961325 0.18338203 0.17360219 -0.22314038 0.03633592 -0.19717206 0.09393643 0.00972550 0.16384977 -0.03428020 -0.05744553 0.05844492 -0.00938687 -0.18562075 -0.03066741 0.20042990 -0.01472099 -0.13505177 0.56737081 -0.55958923 -0.60496399 -0.00065622 0.02860679 0.03484818 -0.14116137 -0.02379608 -0.22115915 0.03471585 -0.25540434 -0.02359735 0.04135932 -0.27774691 -0.08261497 0.29323590 0.44416284 -0.40510774 -0.09831947 -0.19542075 -0.21270397 0.25236143 0.10564889 -0.12715428 0.03463132 0.10150063 0.02866489 0.35532597 0.09578209 -0.47323195 -0.04588461 -0.09796499 0.25579072 -0.14547938 -0.15641440 -0.17154054 0.21557334 0.09444806 -0.10605320 0.10746205 0.10675542 0.20037890 -0.16685969 0.12331011 -0.09609978 0.18262858 -0.03042888 -0.46673005 0.35129751 -0.22592028 0.03189881 -0.00920090 -0.06345189 -0.23510268 -0.17641223 -0.13354150 -0.03922942 0.20372970 0.11211625 -0.07466062 0.20141775 -0.21630967 0.10831138 -0.29907534 0.21928702 0.09456412 -0.07472156 0.12667422 -0.00147204 0.38133889 -0.04810790 0.20067416 0.10231398 -0.18564569 0.21513327 -0.16766567 -0.35290942 0.13492106 0.16901637 -0.45814958 -0.01939609 0.22960882 0.11237094 -0.10370151 0.11566552 -0.19658167 -0.08838059 -0.16619825 -0.34785329 -0.18614630 0.19326701 -0.17358088 -0.08696770 -0.18356606 0.13686452 -0.51369857 -0.51639117 0.87567913 -0.64616293 -0.15399388 0.13238337 -0.00907680 0.12244366 -0.50005031 0.17552360 -0.07810307 0.34355890 -0.08075747 0.00446970 0.10441487 -0.13847537 0.11172606 -0.62989905 0.72795844 -0.48421944 0.07836703 -0.11450515 -0.03329423 0.04742019 -0.32149972 -0.08723922 0.14832244 -0.20051699 0.20222423 -0.09934535 0.05111147 -0.18146159 0.54388339 -0.02702265 0.33534750 -0.37585899 0.19819950 0.03303299 -0.19387357 0.20930564 -0.20620181 -0.06936611 0.11654710 0.07013263 0.25188575 -0.00064090 -0.26722337 -0.04352218 1.06618629 -0.08168150 0.23756093 -0.14071468 -0.22702739 0.07380589 -0.18146497 0.26877658 0.04270564 -0.22187875 0.17066683 0.37461077 -0.31686908 0.14278846 0.07653148 0.02777749 1.72442930 0.31389798 -0.15333196 0.55472816 -0.21337851 0.30967606 0.24154856 -0.18754442 -0.00085384 0.22449942 -0.07763304 -0.02567905 -0.06362145 0.18459366 -0.09608308 -0.00155356 -0.62254143 0.14811650 -0.15553343 -0.10043722 -0.24005742 -0.18654343 -0.27204277 -0.11492931 0.04746813 0.00855323 -0.13070217 -0.16096293 -0.15706852 -0.21944595 -0.19540940 0.11295048 -0.72230714 0.12526500 -0.18935858 0.48225666 -0.28411927 0.03056355 -0.05277060 -0.12192642 0.04983954 0.02460009 -0.16900875 0.06740037 0.06153296 0.20704534 -0.09644492 0.23249768 -0.33155206 -0.21097501 -0.02913517 0.17811571 -0.13951194 0.14755825 -0.07457098 0.16078373 -0.01307620 0.11863628 0.10743487 0.07481442 -0.16318039 0.14541939 0.00344083 0.31658523 0.00819793 0.23461807 -0.26669466 0.18492185 0.01529246 -0.18506851 -0.18503710 -0.01716844 -0.01231252 0.03195085 0.17662967 -0.06329889 0.10765590 -0.02286885 -0.03067598 0.04064603 -0.12723689 0.09149088 -0.30171199 0.23340878 -0.29835954 -0.07002723 -0.29684871 0.13757855 -0.03783781 -0.26595890 -0.10649363 0.11936867 -0.09405933 -0.04446444 -0.05837299 -0.02028223 -0.10143292 0.07752920 -0.35259315 0.31545248 -0.03367958 -0.07204057 0.15629194 -0.02467085 0.04005692 -0.13820987 0.24590315 -0.09924408 0.05934809 0.17904145 -0.04814646 -0.00002357 0.28201230 0.26856305 -0.17374108 -0.03905900 -0.14947597 -0.11785338 -0.10251965 0.19226298 0.25244104 0.41195823 -0.00894141 -0.13303811 -0.15328853 0.25416503 -0.24323895 -0.05011713 0.10968138 0.28676431 -0.12744192 0.20117461 0.20765935 -0.02636866 0.07360127 -0.24329210 -0.01394688 -0.03399876 -0.40786783 0.06567687 0.05615674 -0.26774626 -0.22330042 -0.11847302 0.13572370 0.13668691 0.12482783 0.01571980 0.04846400 -0.07514331 -0.01688666 -0.03631558 0.07228972 -0.02439300 0.13622135 0.01628550 0.14056867 0.19718101 -0.23092145 0.14578023 0.53870587 -0.14374530 0.24400887 0.19432571 0.06970196 0.08221793 -0.10582493 0.20753341 -0.13545313 -0.02187015 0.16184415 0.30886565 -0.08105791 0.12369164 0.03479165 -0.25020631 -0.49820166 -0.08886723 -0.07556650 -0.17159638 0.00441909 0.20202115 0.06679935 0.41948604 -0.03848934 0.12479184 0.06552424 0.23820911 -0.05988027 0.13364700 0.25757902 -0.11397052 -0.26107890 0.14215772 -0.01863898 -0.29848745 0.28978053 -0.03631087 0.27418419 -0.08038910 -0.03274363 0.12603877 -0.03257449 -0.14212353 -0.11382795 0.04311329 -0.10532187 0.01392473 -0.51202229 0.03600958 0.03414178 -0.25065372 -0.15709984 -0.13969434 0.01115033 0.23512476 -0.22111062 -0.04368057 0.15448511 0.05288243 -0.01482434 -0.07126392 0.00209689 -0.01597964 -0.38322253 0.06215620 -0.21935837 0.14967991 0.13007215 -0.12463075 0.12726235 0.38716516 -0.09851704 0.20543343 0.05731709 -0.03742543 -0.17485981 -0.08789947 -0.06244115 -0.36615628 0.19834921 -0.10144497 -0.19818937 -0.14429260 0.47406855 -0.26203971 -0.14752965 0.11150277 0.37290649 -0.15691517 0.28922427 -0.14499508 0.20449930 0.01192092 0.35259373 0.28175661 0.02052948 0.55312261 -0.32218117 -0.07457989 0.28585459 -0.11617941 -0.10140655 0.02065448 0.07154442 0.06121890 -0.11790510 0.03113160 0.10078581 0.23780179 0.05188673 -0.19811344 -0.01526086 0.15045132 0.14501065 -0.17302893 0.08850158 -0.16845395 0.20112989 0.12193144 0.03467930 0.07983782 -0.05326542 0.10684977 -0.00784667 0.11561350 0.00926172 -0.39231082 -0.23014550 0.45890785 0.28475256 0.15231474 -0.01992766 -0.05300738 0.09970043 0.09155390 -0.15480801 0.10461607 0.19493807 -0.15097738 -0.02954221 0.07329604 0.11427728 -0.06649244 -0.39393158 0.09069316 0.14842537 0.26954515 -0.00307018 -0.21570275 -0.17234205 0.10069072 -0.19307100 0.03579019 -0.05704711 -0.09522069 0.00422140 0.26505454 0.04566591 -0.04674886 -0.73701982 -0.06581933 -0.03255940 0.03349839 0.18435353 0.07535679 -0.20606584 -0.00710718 0.08298891 0.11400193 -0.07796223 -0.01001894 0.05784907 0.20100908 0.15894221 0.10219190 -0.04766851 -0.10479765 0.04315815 -0.08350498 0.16468879 0.06251086 0.08871706 -0.23741684 -0.23110775 0.17706918 -0.00547682 -0.20771229 0.13948292 0.04079910 0.46666748 0.19764242 0.02164219 0.02267582 0.22247356 0.03039353 -0.22749374 0.14665412 0.04345879 -0.43555739 -0.10048504 -0.13103559 0.15509236 -0.00696574 0.23517967 -0.25164134 -0.17009672 0.16872246 -0.06511325 -0.05603655 0.18303690 0.09924497 0.08527522 0.17679782 -0.25091396 -0.04597580 0.00225216 0.01299595 0.13174927 0.01894949 -0.09167496 -0.17580580 -0.28851187 -0.05867795 0.10683982 0.17347564 -0.04223625 0.42352857 -0.01209248 -0.07642336 0.06017739 -0.15345885 0.03303126 -0.32636237 0.10689986 0.01054282 0.03329416 0.02447741 -0.20139852 -0.14208452 0.41279223 0.02794479 -0.28341797 0.01621153 0.06446475 0.30903113 0.17556189 0.06501148 -0.07102242 0.28202614 -0.01605625 -0.13764002 -0.19293791 -0.13635687 -0.05756693 0.12102060 0.34393431 0.43039074 0.08991979 0.02496712 0.35722916 0.14392939 0.25343799 -0.23885293 -0.11728871 -0.11876170 -0.42327628 0.01164956 0.22016552 -0.08464103 0.03090213 -0.13503783 0.01176641 0.31094714 -0.25182079 0.07694686 -0.30338247 0.05094968 -0.07771009 0.23545446 0.12045829 -0.32953449 -0.38301453 -0.15832835 -0.07940896 -0.02988462 0.00478222 0.10650488 -0.23211400 -0.24702531 -0.16885360 -0.19400838 -0.01634476 -0.10148221 -0.02738671 0.23503738 -0.25666157 -0.19377338 0.10144612 0.24782893 -0.03251595 -0.19965291 -0.31640484 0.04119538 -0.34834584 0.29417769 0.31839848 0.06457809 0.07675823 -0.01864364 0.18053375 -0.00048549 0.01001758 0.21509864 0.09900815 0.33693773 -0.25880548 -0.08784529 -0.14292009 0.13309697 -0.39941415 -0.18973270 -0.28157462 -0.06383576 0.36318687 0.25904876 -0.29702198 0.05764618 0.13065787 -0.07801456 -0.17430163 0.10466946 0.01594190 0.08736438 -0.02499013 0.36858958 -0.06900899 -0.31820924 0.19091100 0.34194012 -0.21799377 0.20512315 -0.23054877 0.00101187 -0.04854517 -0.11188531 0.17918263 -0.37110163 -0.11554691 -0.14273950 0.13833343 0.24514313 0.18315588 -0.04697438 -0.33564959 0.23378070 -0.21867678 -0.05928723 0.03868598 0.01496146 0.21752577 -0.31284972 -0.13214154 -0.23410816 -0.25911558 0.15902769 0.02884295 0.24612225 0.24284678 -0.32352405 -0.26613436 0.27932969 -0.10935205 -0.18964556 -0.18189581 0.01926730 0.20009784 0.00831818 0.19359915 0.01444245 -0.06742747 0.43025535 0.28793242 0.03113373 -0.08879724 -0.38048503 0.03638504 0.07898233 0.07383931 0.05107730 0.06898132 0.18060204 0.04968252 -0.11438655 -0.12183442 0.09220045 -0.16947072 0.11357987 0.11292389 -0.00693859 -0.11009480 -0.42404801 -0.26394268 -0.21183463 0.00421707 -0.06993180 -0.14556937 0.13797104 0.02044853 0.00752415 0.08824601 0.16387752 -0.25342872 0.11173589 -0.28601802 -0.12560307 0.16615297 0.15907905 0.27406626 0.21168997 0.22341121 -0.24362199 -0.04824929 0.00748654 0.32180684 0.16231179 0.16418983 -0.12037930 0.35570272 0.07459945 -0.15905062 0.37083387 -0.20786594 -0.16342230 0.14798570 -0.08853635 0.08335941 0.04376002 0.01794724 0.29943715 -0.25835321 0.21604456 -0.13038890 0.23118841 0.30124078 0.36390749 -0.03012295 -0.18392747 0.07037686 -0.12811939 -0.20804523 0.05630408 -0.14588820 0.22800161 0.15260576 -0.04448335 0.00571809 -0.03835325 -0.07232023 0.48988593 -0.14802572 0.00874964 0.15676542 -0.06076934 -0.06244145 -0.15338917 0.41145786 0.07139200 0.07430303 -0.23856157 0.07962344 0.04511059 -0.05345258 -0.21768183 -0.00896231 -0.13769222 0.01265461 0.01001494 -0.05346752 0.13946015 0.06118006 0.05745903 0.18297846 0.03217175 -0.15243122 -0.05459749 0.14578013 0.02427567 0.17800544 0.11783323 -0.07031009 0.13922100 -0.04071207 0.15125245 0.29310589 0.17259625 0.84036258 -0.07305432 -0.09220687 -0.18588045 -0.06329149 0.05888921 -0.05820307 0.17489094 0.15570430 0.06537589 -0.16004497 0.08654739 0.10661461 0.05595420 0.00474454 0.22141238 0.27358897 0.05003622 0.04071690 -0.08108352 0.13480751 -0.04490605 -0.20787328 -0.19567892 -0.06841156 0.12529342 0.12526797 -0.28712077 0.08441633 -0.01379173 -0.16477141 0.34639195 0.29590592 0.14186423 0.31969816 -0.30414007 -0.06273804 0.23543405 -0.20676094 0.01169500 0.00730725 0.15339909 0.06409793 -0.14438641 0.15372564 0.13362986 -0.16617834 -0.10875123 0.05431912 -0.23613702 0.22613540 -0.14275741 -0.04392881 -0.16408359 -0.06238207 0.23479147 0.11831476 -0.25573295 -0.15648646 0.10049734 -0.07876002 -0.08747485 -0.13605576 -0.21046051 0.03206837 -0.22747986 0.26737432 -0.02880285 -0.15260696 0.10970028 0.21284458 -0.11633022 -0.26920089 -0.07573118 -0.21343948 0.25956256 -0.21942168 -0.05181311 0.23298423 0.13775080 -0.39520866 -0.12897014 0.43705033 -0.42108787 0.23660139 -0.02445474 -0.21344897 0.15586439 0.16389024 -0.03585960 0.12208369 0.00810279 -0.19081157 -0.01281903 -0.18098948 -0.10026872 -0.43240445 0.03748800 0.26078085 -0.44352800 -0.14544185 -0.00042565 0.07342302 0.01142233 -0.34892485 0.20347754 0.28022708 0.25041961 0.08603039 0.10625030 -0.10343689 0.02981691 -0.41757259 0.14803190 -0.01047413 -0.13479644 -0.05606022 0.12128423 0.02886745 -0.07266271 0.13334154 -0.18553157 -0.04187684 -0.08499321 0.11763237 -0.01194001 0.04269371 0.08308426 -0.57793814 -0.03151593 0.19681696 -0.03361279 0.09053407 0.20725033 -0.03504181 0.01591898 -0.07902516 -0.06888583 -0.13130360 -0.08590020 -0.03011567 -0.10301974 0.00420186 -0.28755130 -0.13219510 0.16788166 0.14820781 -0.36375330 -0.08035659 0.15532490 -0.02442918 0.31410104 -0.22232673 -0.03911181 -0.17825341 -0.12439524 -0.12490864 -0.07601045 0.12377821 -0.18086553 -0.12566595 -0.71925614 0.53625914 -0.10826677 0.07305538 0.04305130 0.09962850 0.09106965 0.09929641 0.22193861 -0.16419405 -0.01118486 0.10076106 0.11852885 0.08823670 0.20658157 -0.22794897 -0.69617985 0.39311458 -0.31859058 -0.08675494 0.00565409 -0.06834887 0.15909545 0.14074769 0.04928929 0.08551899 0.00515572 0.16230532 -0.37367364 -0.18470787 -0.00631357 -0.11645698 -0.30499912 0.41790747 -0.18641118 0.03436783 0.01965193 0.00912269 -0.13110563 -0.03054216 0.19399576 0.08593859 0.15223817 -0.01266207 -0.26915459 -0.07375509 -0.02382427 0.24677552 -0.16947131 0.01814074 -0.18888090 0.02030929 -0.04138338 -0.03850204 -0.19503697 0.07334977 -0.00471855 0.12718393 -0.23110342 -0.17819146 0.57652628 -0.13914814 0.04547083 0.19416846 -0.35139171 0.21027471 0.01423709 0.02363487 0.28751212 -0.12507139 -0.07710281 -0.05463037 -0.21703446 0.04361405 0.07479639 0.02898543 0.10369588 0.13687193 0.05355362 0.09120258 0.12242751 -0.60059453 -0.16647091 -0.03050908 0.12092594 0.28880323 -0.35809595 -0.03039904 -0.06386984 0.26996151 -0.06432427 0.43149587 -0.24158266 0.05526168 -0.06107969 0.00233743 0.20315722 -0.36809141 -0.38325551 0.01710376 -0.23684227 -0.20707684 0.01373537 -0.01918699 0.16239718 -0.21394858 0.06656785 0.05099175 -0.04780908 -0.12706592 -0.01250561 -0.12287326 0.08735533 -0.06286408 -0.11697545 0.27271412 0.00423801 -0.02775569 -0.25469426 -0.22565251 0.06028728 -0.03596298 0.04447374 -0.10825139 -0.02378637 -0.09861481 0.04667500 -0.53133254 0.34906388 -0.34901933 -0.01039034 -0.16672998 -0.07357548 -0.13305977 0.19916613 0.06909410 0.02168898 0.03707058 -0.17145369 0.22182002 0.21970381 -0.00542327 0.00209670 -0.65565367 0.12648480 -0.10587228 -0.34329346 -0.05469013 -0.07527172 0.11539989 -0.05190828 -0.06773038 -0.09910932 -0.23709125 0.24668639 0.08041609 0.13700580 -0.08378415 0.23040364
b1 -0.38210894 0.48566661 0.34879860 0.31354530 0.20029038 -0.00626277 -0.01872616 -0.29857745 -0.42888792 0.23294747 -0.05151168 0.27515735 0.44731363 -0.36777379 0.71003395 -0.16777505 0.24811384 0.19119639 0.20174934 -0.00752623 -0.10333243 -0.41712491 -0.08305357 -0.19223988 0.38103613 0.28714959 -0.14450857 -0.05333537 0.32266865 0.24318987 0.34487445 -0.42759857
w2 0.04987703 0.81279101 -0.15726535 -0.01428881 -0.86259071 -0.63091172 -0.16428211 1.32662207 0.86073338 -0.00260954 0.86322132 -0.11607921 -0.20551279 0.10872026 0.87157711 0.30931942 -1.15352926 -0.54311244 -0.82802588 1.92022782 0.79093195 0.54443120 0.44999075 -0.70322046 0.14431654 -0.29294683 0.00388685 0.21140233 -0.99700131 -0.16958761 -0.82786081 -0.96191300 0.05762070 0.01019332 -0.06687361 -0.10323977 0.02794689 0.05037942 0.01297682 -0.16660166 -0.03382638 0.08617571 0.11196750 0.09405532 0.08149185 0.04787754 -0.09630087 0.04950611 -0.14611131 -0.00787047 -0.04136086 -0.07841863 0.11296286 -0.03678731 -0.15326851 -0.02121277 0.00642546 -0.01905577 0.09802348 0.03739744 0.09936617 0.01953135 -0.00545653 -0.00534911 -1.10419330 -0.65762049 1.42142341 -0.90518934 0.47011981 -0.06296158 0.69252069 -1.22874947 -0.52319335 0.99794047 -0.52953800 -1.47078111 -0.91881428 -0.96051369 0.24558842 0.64415326 0.32875758 -0.73802798 0.15518900 -1.38193134 -0.63092419 -0.37512428 -0.65791303 0.31935796 0.48614680 0.63301666 0.71635039 -0.54388440 -0.41515509 0.94698991 0.43988977 0.76401441 -0.10035432 0.04663112 -0.08353299 -0.11956948 0.02611006 0.13615377 -0.02644478 -0.21240015 -0.04843830 0.00653335 0.19357539 0.09761669 0.01268875 0.07759194 -0.14072864 0.10095935 -0.08603523 0.01982936 -0.08569179 -0.08114092 0.23463631 0.06259154 -0.23100468 -0.00903120 -0.08661058 0.02218500 -0.00206617 0.09843592 0.07420104 0.10181093 0.00085979 -0.04116926 0.08124567 -0.10399888 0.01153174 0.03344300 0.07067480 -0.14288437 0.00274857 0.08571445 0.03000668 0.01208722 -0.13198462 0.00333757 0.02844251 -0.02606013 0.06490251 -0.05297141 0.04411174 -0.01416073 0.06337603 0.03834756 -0.11538119 -0.01282941 0.15954025 0.01412149 0.11617172 -0.07422082 0.05919064 -0.05982794 -0.04817133 -0.04320267 -0.01500508 0.04583388
b2 0.46622563 0.03597677 -0.44943240 0.06947536 -0.00680199
